
strategic_region={
	id=1
	name="STRATEGICREGION_1"
	provinces={
		1032 1432 1806 2944 5254 5578 5994 6196 6682 7026 7454 7616 8908 9016 9159 9613 9878 9966 9973 9990 10004 10071 10095 10107 10124 10200 10244 10289 10336 10337 10375 10465 10497 10501 10840 10916 11038 14991 15038 15043 15048 15052 15053 15054 15055 15057 15058 17692 17698 17700 17701 17702 17703 17704 17705 17706 17707 17708 17709 17710 17711 17712 17713 17715 17716 17717 17718 17719 17720 17721 17722 17904 17930 17933 17936 18345 18915 18920 
	}
	weather={
	}
}
