
strategic_region={
	id=15
	name="STRATEGICREGION_15"
	provinces={
		12 60 1197 1292 1412 1645 1808 1912 2527 2866 2924 3004 3117 3638 3776 3987 4231 4283 4547 4769 4819 5003 5176 5333 5343 5672 5745 5836 5975 6247 6335 6569 6914 7256 7370 7767 7973 8148 8372 8431 8577 8885 9003 9307 9478 9600 10181 10222 10230 10291 10315 10318 10354 10387 10392 10396 10420 14997 15015 15050 15051 17325 18059 18065 18080 18087 18088 18090 18091 18092 18093 18095 18097 18098 18100 18106 18109 18110 18113 18116 18117 18118 18123 18125 18128 18130 18131 18134 18135 18137 18139 18140 18141 18142 18143 18144 18147 18151 18158 18162 18163 18164 18167 18169 18170 18171 18172 18174 18177 18178 18179 18180 18182 18183 18185 18186 18187 18188 18189 18191 18192 18193 18194 18197 18199 18200 18202 18203 18204 18206 18207 18208 18209 18210 18213 18215 18216 18218 18219 18221 18222 18224 18225 18226 18228 18232 18233 18237 18240 18242 18243 18244 18246 18248 18251 18257 18265 18266 18273 18274 18287 18292 18297 18298 18308 18317 
	}
	weather={
	}
}
