
strategic_region={
	id=18
	name="STRATEGICREGION_18"
	provinces={
		837 877 1336 1527 1799 1934 2240 2599 2894 2980 4317 5697 6275 6824 6825 7566 7624 8655 9553 9686 10078 10112 10166 10173 10175 10190 10207 15046 18238 18247 18252 18253 18258 18267 18270 18272 18290 18291 18302 18307 18320 18329 18330 18331 18332 18346 18353 18358 18364 18367 18369 18370 18371 18379 18389 18391 18399 18400 18404 18405 18407 18408 18422 18423 18429 18433 18444 18451 18455 18457 18458 18462 18467 18469 18470 18471 18472 18473 18475 18480 18483 18485 18488 18492 18493 18495 18502 18503 18504 18506 18509 18512 18514 18517 18527 
	}
	weather={
	}
}
