
strategic_region={
	id=19
	name="STRATEGICREGION_19"
	provinces={
		199 445 477 514 2409 2452 2996 4691 5402 5665 6950 8403 9215 9933 10024 15023 15024 15025 15026 15027 15028 15029 15030 15031 15033 15034 15035 18519 18536 18537 18540 18541 18561 18569 18587 18589 18600 18612 18615 18620 18626 18627 18629 18648 18657 18668 18683 18697 18719 18729 18747 18752 18772 18781 18789 18796 18808 18819 18834 18840 18844 18850 18853 18856 18858 18859 18862 18863 18867 18872 18874 18875 18876 18877 18878 18879 18880 18881 18883 18885 18886 18887 18888 18891 18892 18895 18896 18897 18898 18899 18900 18901 18902 18903 18904 18905 18906 18907 18908 18909 18910 18911 
	}
	weather={
	}
}
