
strategic_region={
	id=20
	name="STRATEGICREGION_20"
	provinces={
		314 949 2088 2844 3076 3209 3575 3720 3965 4020 4120 4301 5164 5190 5193 5226 5404 5445 6160 6556 6635 6864 7938 7956 8171 8357 9006 9105 9271 9284 9679 9705 9931 10096 10138 10144 10149 10150 10151 10160 10162 10167 10189 10196 10204 10209 10212 10228 10238 10245 10246 10259 10263 10272 10290 10304 15044 17252 17318 17319 17323 18156 18157 18173 18184 18190 18195 18196 18198 18201 18205 18211 18212 18214 18217 18220 18223 18227 18229 18230 18231 18234 18235 18236 18239 18241 18245 18254 18282 18313 18324 18325 18334 18342 18343 18354 18368 18373 18395 18410 
	}
	weather={
	}
}
