
strategic_region={
	id=21
	name="STRATEGICREGION_21"
	provinces={
		31 182 240 371 744 943 1305 1337 1628 1660 1961 2090 2590 2817 2877 2992 3023 3336 4422 4438 4651 4968 5597 5734 6174 6667 7085 7228 7966 8544 8792 8801 8907 9595 10000 10017 10040 10062 10087 10102 17308 18382 18385 18396 18401 18416 18418 18435 18445 18446 18447 18449 18452 18481 18487 18489 18496 18498 18510 18513 18520 18531 18532 18533 18538 18545 18546 18557 18564 18565 18566 18567 18576 18580 18585 18593 18598 18601 18608 18613 18617 18618 18630 18632 18642 18646 18651 18652 18658 18662 18664 18665 18667 18671 18674 18675 18676 18678 18679 18684 18686 18689 18691 18693 18698 18699 18700 18703 18704 18705 18709 18711 18713 18715 18720 18724 18727 18731 18732 18733 18739 18741 18743 18753 18755 18757 18758 18765 18768 18769 18775 18783 18786 18787 18790 18792 18797 18798 18806 18812 18813 18815 18817 18820 18821 18822 18823 18824 18828 18831 18839 
	}
	weather={
	}
}
