
strategic_region={
	id=32
	name="STRATEGICREGION_32"
	provinces={
		69 611 1963 2602 2804 2896 3014 3150 3346 3477 3620 4064 4170 4566 4719 4779 4789 4859 5125 5916 6575 6650 7537 7815 7821 7826 8048 8283 8347 8774 8881 8931 8980 9046 9391 9393 9420 9610 9816 10329 10335 10338 10348 10349 10388 10401 10406 10426 10445 10470 10472 10502 10523 10531 10532 10535 10539 10578 10644 17883 17886 17889 17890 17891 17893 17894 17896 17897 17899 17900 17901 17902 17903 17905 17908 17909 17911 17913 17914 17915 17916 17917 17918 17919 17920 17921 17922 17923 17924 17925 17926 17927 17928 17929 17931 17932 17934 17935 17937 17938 17939 17940 17941 17942 17943 17944 17945 17946 17947 17948 17949 17950 17951 17952 17953 17954 17955 17956 17957 17958 17959 17960 17961 17962 17963 17964 17965 17966 17967 17968 17969 17970 17971 17972 17973 17974 17975 17976 17977 17978 17979 17980 17981 17982 17983 17984 17985 17986 17987 17988 17989 17990 17991 17992 17993 17994 17995 17996 17997 17998 17999 18000 18001 18002 18003 18004 18005 18006 18007 18008 18009 18010 18011 18012 18013 18014 18015 18016 18017 18018 18019 18020 18021 18022 18023 18024 18025 18026 18027 18028 18029 18030 18031 18032 18033 18034 18035 18036 18037 18038 18039 18040 18041 18042 18043 18044 18045 18046 18047 18048 18049 18050 18051 18052 18053 18054 18055 18056 18057 18058 18060 18061 18062 18063 18064 18066 18067 18068 18069 18070 18072 18073 18074 18075 18076 18077 18078 18079 18081 18082 18083 18084 18085 18086 18089 18094 18096 18099 18101 18102 18103 18104 18105 18107 18108 18111 18112 18114 18115 18119 18120 18121 18122 18124 18126 18127 18129 18132 18133 18136 18138 18145 18146 18148 18149 18150 18152 18153 18154 18155 18159 18160 18161 18165 18166 18168 18175 18176 18181 18912 18914 18916 18918 
	}
	weather={
	}
}
