
strategic_region={
	id=33
	name="STRATEGICREGION_33"
	provinces={
		2 573 713 1006 1026 1040 1091 1471 1621 1700 1830 2026 2108 2399 2405 2672 2749 2751 2826 3065 3306 3364 3516 3577 3818 3855 3878 3912 4092 4204 4288 4453 4904 4982 4998 5028 5138 5223 5232 5238 5386 5465 5560 5584 5692 5746 5806 6014 6044 6295 6340 6497 6661 6719 6791 6801 7045 7119 7137 7408 7535 7581 7691 7818 7943 8022 8221 8260 8492 8704 8763 8898 9133 9191 9247 9370 9400 9449 9466 9480 9584 9715 9716 9743 9877 10665 10672 10685 10699 10713 10716 10719 10729 10730 10748 10749 10773 10778 10782 10793 10800 10803 10811 10816 10824 10835 10845 10848 10863 10874 10888 10890 10895 10905 10917 10920 10923 10929 10932 10937 10945 10946 10952 10959 10967 10982 10992 11013 11016 11034 11041 17357 17361 17363 17739 17740 17741 17742 17743 17744 17745 17746 17747 17748 17749 17750 17751 17752 17753 17754 17755 17756 17757 17758 17759 17760 17761 17762 17763 17764 17765 17766 17767 17768 17769 17770 17771 17772 17773 17774 17775 17776 17777 17778 17779 17780 17781 17782 17783 17784 17785 17786 17787 17788 17789 17790 17791 17792 17793 17794 17795 17796 17797 17798 17799 17800 17801 17802 17803 17804 17805 17806 17807 17808 17809 17810 17811 17812 17813 17814 17815 17816 17817 17818 17819 17820 17821 17822 17823 17824 17825 17826 17827 17828 17829 17830 17831 17833 17834 17835 17836 17837 17838 17839 17840 17841 17842 17843 17844 17845 17846 17847 17848 17849 17850 17851 17852 17853 17854 17855 17856 17857 17858 17859 17860 17861 17862 17863 17864 17865 17866 17867 17868 17869 17870 17871 17872 17873 17874 17875 17876 17877 17878 17879 17880 17881 17882 17884 17885 17887 17888 17892 17895 17898 17906 17907 17910 17912 18913 
	}
	weather={
	}
}
