
strategic_region={
	id=34
	name="STRATEGICREGION_34"
	provinces={
		239 321 390 764 938 1066 1086 1130 1146 1195 1421 1513 1658 1708 1721 1824 2063 2282 2303 2441 2586 2591 2609 2768 2790 2822 2859 2865 2867 2876 2977 2984 3054 3162 3407 3629 3665 3677 3767 3833 4113 4155 4207 4236 4450 4460 4476 4484 4487 4726 4754 4768 5036 5239 5250 5252 5366 5403 5499 5543 5577 5591 5834 5889 5900 6046 6070 6133 6189 6231 6285 6320 6400 6462 6638 6973 7080 7107 7212 7260 7420 7522 7524 7559 7562 7572 7605 7669 7787 7792 7951 7953 8008 8026 8029 8220 8268 8381 8533 8703 8802 8866 8997 9144 9308 9591 9702 9709 9714 9842 10821 10825 10833 10864 10881 10896 10903 10906 10907 10935 10947 10953 10974 10995 11014 11021 11024 11039 11042 11047 11049 11069 11072 11079 11110 11118 11141 11148 11151 11154 11156 11178 11194 11208 11209 11247 11254 11258 11260 11280 11317 11336 11363 11364 11368 11383 15018 15021 17286 17368 17375 
	}
	weather={
	}
}
