
strategic_region={
	id=35
	name="STRATEGICREGION_35"
	provinces={
		359 464 469 1114 1183 1394 1680 1761 1919 1921 2006 2011 2595 2605 2788 2801 2973 3024 3070 3219 3676 4071 4094 4541 4740 4759 5062 5673 5751 5943 6248 6536 6605 6686 7167 7219 7473 7676 7939 8327 8814 8862 9012 9053 9211 9811 9980 9997 10002 10020 10031 10042 10054 10067 10070 10079 10089 10091 10104 10105 10118 10121 10123 10130 10133 15032 15036 17244 17262 17270 17278 17280 17284 17285 17289 17291 17292 17293 17294 17295 17296 17297 17298 17300 17304 17305 18380 18392 18409 18420 18427 18430 18434 18436 18438 18453 18454 18459 18463 18465 18474 18476 18478 18482 18484 18494 18500 18501 18505 18507 18515 18516 18518 18521 18523 18525 18526 18528 18530 18534 18535 18542 18543 18547 18552 18553 18554 18555 18556 18558 18559 18560 18562 18570 18571 18574 18577 18578 18581 18582 18584 18588 18590 18591 18594 18596 18602 18605 18606 18610 18614 18616 18619 18625 18631 18633 18643 18644 18649 18659 18660 18663 18677 18680 18681 18685 18687 18692 18694 18695 18701 18708 18716 18717 18721 18722 18725 18728 18736 18737 18740 18748 18749 18750 18759 18760 18762 18770 18773 18776 18777 18779 18784 18788 18793 18794 18799 18800 18802 18804 18807 18809 18810 18818 18825 18826 18827 18832 18833 18836 18837 18838 18841 18842 18845 18846 18849 18851 18854 18855 18861 18865 18868 18870 18871 18882 18884 18889 18890 18893 18917 
	}
	weather={
	}
}
