
strategic_region={
	id=42
	name="STRATEGICREGION_42"
	provinces={
		8 27 50 55 153 157 158 213 215 269 298 322 374 384 421 496 510 543 584 602 608 615 677 688 775 784 898 1012 1055 1125 1132 1182 1225 1288 1346 1358 1391 1419 1437 1444 1568 1598 1614 1624 1709 1856 1873 1973 2029 2078 2081 2094 2128 2217 2219 2268 2308 2355 2356 2478 2490 2523 2574 2611 2640 2653 2889 2969 3016 3059 3078 3086 3095 3256 3304 3309 3471 3478 3570 3700 3748 3804 3842 3859 3921 3985 4019 4041 4143 4222 4287 4362 4442 4505 4649 4652 4825 4917 4967 5180 5222 5286 5294 5346 5517 5579 5685 5695 5790 5815 5902 5909 5944 5951 6064 6119 6120 6300 6324 6341 6371 6388 6394 6448 6511 6513 6632 6644 6790 6845 7015 7025 7066 7103 7145 7181 7281 7289 7304 7318 7352 7426 7570 7850 7880 8176 8255 8388 8587 8622 8831 8921 8930 8946 9274 9526 9833 9873 9892 9896 9902 9910 9950 9956 9962 9977 9989 9991 10021 10025 10028 10045 10048 10049 10050 10061 10065 10068 10072 10074 10080 10081 10086 10093 10099 10100 10108 10114 10125 10127 10128 10141 10143 10157 10163 10170 10171 10176 17234 17247 17265 17266 17271 17272 17273 17276 17277 17279 17281 17282 17283 17287 17288 17290 17302 17303 17306 17309 17313 17316 18425 18443 18450 18461 18464 18466 18468 18477 18479 18486 18490 18491 18497 18499 18508 18511 18522 18524 18529 18539 18544 18548 18549 18550 18551 18563 18568 18572 18573 18575 18579 18583 18586 18592 18595 18597 18599 18603 18604 18607 18609 18611 18621 18622 18623 18624 18628 18634 18635 18636 18637 18638 18639 18640 18641 18645 18647 18650 18653 18654 18655 18656 18661 18666 18669 18670 18672 18673 18682 18688 18690 18696 18702 18706 18707 18710 18712 18714 18718 18723 18726 18730 18734 18735 18738 18742 18744 18745 18746 18751 18754 18756 18761 18763 18764 18766 18767 18771 18774 18778 18780 18782 18785 18791 18795 18801 18803 18805 18811 18814 18816 18829 18830 18835 18843 18847 18848 18852 18857 18860 18864 18866 18869 18873 18894 
	}
	weather={
	}
}
