
strategic_region={
	id=44
	name="STRATEGICREGION_44"
	provinces={
		795 884 990 1076 1185 1407 1416 2103 2520 2524 2694 2919 4196 4368 5407 5720 5823 6084 6088 6887 6904 6925 7912 9312 10110 10119 10140 10146 10147 10154 10165 10169 10191 10194 10197 10218 10276 17307 17321 17324 18071 18250 18255 18256 18259 18260 18261 18262 18263 18264 18268 18269 18271 18275 18276 18277 18278 18279 18280 18281 18283 18284 18285 18286 18288 18289 18293 18294 18295 18296 18299 18300 18301 18303 18304 18305 18306 18309 18310 18311 18312 18314 18315 18316 18318 18319 18321 18322 18323 18326 18327 18328 18333 18335 18336 18337 18338 18339 18340 18341 18344 18347 18348 18349 18350 18351 18352 18355 18356 18357 18359 18360 18361 18362 18363 18365 18366 18372 18374 18375 18376 18377 18378 18381 18383 18384 18386 18387 18388 18390 18393 18394 18397 18398 18402 18403 18406 18411 18412 18413 18414 18415 18417 18419 18421 18424 18426 18428 18431 18432 18437 18439 18440 18441 18442 18448 18456 18460 
	}
	weather={
	}
}
