
strategic_region={
	id=51
	name="STRATEGICREGION_51"
	provinces={
		6 21 55 69 82 128 149 150 166 196 213 222 229 232 238 254 258 269 270 279 282 313 334 352 376 384 400 407 410 411 416 424 495 521 533 551 553 559 577 585 606 607 610 655 673 694 707 718 746 758 768 779 784 786 792 797 809 813 815 820 842 844 878 895 923 971 1000 1008 1024 1030 1034 1056 1069 1107 1127 1142 1147 1168 1178 1213 1225 1235 1248 1270 1293 1332 1335 1346 1373 1377 1389 1390 1407 1416 1417 1418 1443 1447 1463 1479 1489 1495 1507 1509 1515 1516 1545 1555 1575 1597 1601 1612 1613 1636 1655 1663 1672 1716 1731 1735 1784 1809 1826 1832 1841 1851 1870 1904 1917 1945 1971 1993 2004 2044 2076 2112 2124 2133 2197 2213 2239 2244 2285 2292 2309 2330 2331 2333 2363 2378 2399 2402 2406 2432 2451 2475 2496 2515 2517 2520 2524 2535 2540 2545 2551 2564 2593 2602 2627 2644 2655 2672 2721 2756 2780 2794 2823 2834 2862 2889 2896 2903 2912 2913 2919 2923 2957 2970 2995 3033 3088 3145 3148 3177 3179 3204 3220 3236 3282 3285 3297 3309 3311 3312 3314 3321 3346 3352 3366 3368 3416 3450 3472 3477 3512 3531 3577 3588 3598 3601 3646 3648 3680 3753 3758 3778 3781 3796 3839 3881 3882 3887 3910 3939 3952 3960 3973 3974 3994 4009 4027 4047 4064 4105 4111 4127 4152 4223 4242 4286 4335 4350 4372 4373 4463 4467 4482 4485 4548 4553 4574 4586 4592 4617 4649 4701 4732 4748 4756 4773 4779 4789 4790 4826 4835 4840 4867 4904 4918 4965 5028 5041 5102 5103 5105 5136 5170 5196 5206 5220 5225 5240 5248 5260 5266 5295 5300 5307 5336 5367 5388 5392 5476 5504 5510 5532 5560 5622 5644 5676 5692 5706 5720 5786 5805 5815 5864 5906 5918 5926 5936 5944 5953 6061 6083 6180 6191 6216 6229 6257 6271 6279 6334 6354 6415 6463 6477 6505 6512 6535 6538 6555 6648 6650 6698 6719 6723 6746 6803 6815 6876 6970 6976 7006 7021 7037 7040 7045 7050 7055 7116 7251 7259 7294 7306 7326 7329 7353 7383 7389 7415 7434 7484 7487 7535 7574 7648 7707 7741 7758 7769 7821 7826 7828 7897 7940 7993 8001 8137 8146 8209 8218 8255 8260 8283 8360 8387 8414 8438 8463 8492 8540 8560 8579 8629 8675 8680 8685 8687 8712 8810 8898 8931 8977 9078 9092 9097 9116 9133 9147 9151 9207 9240 9268 9360 9393 9397 9463 9468 9531 9601 9681 9763 9766 9785 9787 9796 9799 9831 9873 9904 9909 9935 9937 9946 9962 9963 9967 9978 9988 9989 9996 10003 10007 10019 10022 10023 10033 10036 10038 10043 10044 10057 10058 10063 10064 10066 10069 10074 10075 10076 10077 10080 10083 10084 10088 10090 10092 10097 10098 10106 10108 10109 10111 10115 10120 10131 10132 10135 10136 10142 10146 10154 10156 10164 10165 10168 10169 10176 10180 10208 10216 10231 10239 10243 10247 10255 10283 10288 10317 10329 10330 10332 10335 10363 10388 10406 10415 10417 10426 10439 10503 10504 10523 10532 10539 10540 10558 10578 10628 10635 10672 10685 10693 10729 10740 10823 10858 10895 10909 10923 10927 10932 10971 10993 11013 11055 11057 11170 11201 11214 11407 11429 11457 11465 11567 11628 13155 13387 13780 13820 13952 13989 15013 15019 15047 17226 17227 17232 17248 17255 17342 17345 17352 17353 17356 17742 17744 17745 17747 17748 17750 17751 17752 17753 17754 17755 17756 17757 17759 17763 17764 17769 17770 17772 17775 17777 17779 17780 17781 17782 17784 17787 17789 17790 17793 17795 17797 17798 17800 17801 17805 17808 17809 17811 17812 17813 17816 17819 17821 17822 17824 17825 17826 17828 17830 17833 17836 17837 17838 17839 17840 17842 17845 17849 17850 17852 17853 17854 17857 17858 17859 17860 17862 17863 17865 17866 17867 17868 17870 17872 17874 17875 17878 17881 17882 17884 17885 17890 17891 17894 17897 17903 17906 17907 17909 17910 17912 17914 17917 17918 17921 17923 17924 17926 17927 17928 17931 17932 17934 17935 17937 17939 17944 17946 17947 17948 17951 17955 17956 17957 17958 17959 17963 17964 17965 17967 17969 17971 17972 17973 17975 17976 17979 17981 17986 17987 17988 17992 17993 17996 18000 18001 18003 18004 18013 18020 18025 18035 18040 18050 18054 18055 18060 18061 18063 18067 18068 18071 18072 18074 18079 18081 18083 18089 18096 18101 18103 18104 18107 18111 18114 18121 18124 18126 18132 18148 18153 18154 18155 18159 18165 18175 18181 18249 18250 18255 18256 18259 18260 18262 18263 18264 18269 18271 18275 18277 18278 18284 18285 18286 18288 18289 18293 18294 18295 18296 18300 18301 18303 18304 18310 18311 18315 18318 18319 18322 18323 18326 18327 18328 18333 18336 18337 18338 18340 18341 18348 18349 18351 18352 18355 18356 18357 18359 18360 18361 18362 18366 18372 18374 18376 18378 18381 18383 18387 18388 18390 18394 18397 18398 18403 18406 18412 18413 18415 18417 18419 18424 18426 18428 18437 18439 18441 18442 18443 18448 18456 18460 18461 18464 18491 18499 18508 18548 18549 18563 18572 18583 18597 18599 18604 18607 18622 18734 18771 18778 18780 18782 18785 18803 18805 18852 18913 18914 18935 18938 18941 18942 18943 18944 18945 18946 
	}
	weather={
	}
}
