2 14 10850 9091 3497 8046 15037 17504 17515 17527 5008 10647 17551 10617 17572 9731 
1 3 17504 17513 1522 
2 10 5008 10647 17547 10671 17536 10658 15039 17543 17549 10641 
1 6 10671 17558 10607 17592 10559 17618 
2 7 3932 5538 17622 17618 17626 10520 17639 
1 6 10641 17570 7265 17588 17598 10559 
1 11 17515 17512 17516 4353 17528 6624 17537 17544 17538 2740 17539 
1 8 5008 10741 17512 7791 17506 10760 10725 6624 
3 14 5008 2310 17516 17506 10760 10725 10732 10763 17508 10742 17524 4631 14972 17539 
2 6 10732 17519 17529 17534 2740 17539 
1 4 10617 17545 17552 17544 
1 4 17539 2740 17538 17544 
2 12 10742 17509 17510 6426 17514 17523 17520 17530 5956 15007 14972 17539 
2 9 17539 15014 1446 17541 5582 17561 8334 17590 17597 
4 9 17597 17590 17595 6101 9218 2559 17554 17548 17539 
2 9 17541 5582 17556 17557 17569 9793 5108 6770 17597 
3 12 17539 17548 17554 2559 17573 17578 17583 17584 17582 9396 17581 9731 
3 7 17539 17548 14950 13587 10603 17587 6101 
1 5 10607 17565 17586 17593 9731 
2 5 17592 5183 17609 17593 9731 
3 6 6101 17605 17603 17606 17600 9731 
4 12 17694 17695 10378 17686 7628 17660 17651 10471 7377 17629 17620 6101 
1 6 7628 17682 17670 17653 5939 7377 
2 4 17694 17693 7825 6261 
3 10 9731 17593 17609 10520 17639 3896 17658 9580 17669 6261 
1 5 3896 17658 10429 17649 17648 
4 7 9731 17599 17614 17623 17641 10464 10429 
3 6 17603 17613 4653 10509 17635 17648 
1 3 17648 17650 17660 
1 3 10471 17650 17648 
1 3 10471 10495 10509 
