
state={
	id=1260
	name="STATE_1260"

	history={
		owner = TIB
		add_core_of = TIB
		victory_points = {
			281 5 
		}

	}

	provinces={
		144 281 356 365 391 649 811 998 1306 1311 1834 1893 2089 2273 3013 3143 3298 3653 3749 4380 4464 4522 4634 4716 4886 5088 5603 5778 5855 6149 6331 6587 7495 7550 7935 8213 8548 9055 9122 9170 9914 9921 9938 9957 12967 13009 13039 13130 13153 13191 13224 13239 13333 17448 17454 17455 17459 17461 17462 17465 17466 17468 17476 17479 
	}
	manpower=1
	buildings_max_level_factor=1.000
	state_category=pastoral
	local_supplies=0.000
}
