
state={
	id=321
	name="STATE_321"

	history={
		owner = SCA
		add_core_of = SCA
		add_core_of = SWE
	}
	resources={
		steel=40
	}

	provinces={
		1628 2090 3023 4422 4651 6174 7966 8801 18651 18652 18667 18671 18676 18679 18684 18686 18689 18691 18693 18698 18700 18703 18704 18705 18709 18711 18713 18715 18720 18724 18727 18731 18732 18733 18739 18741 18743 18753 18755 18757 18758 18765 18768 18769 18775 18783 18786 18787 18790 18792 18797 18798 18806 18812 18813 18815 18817 18820 18821 18822 18823 18824 18828 18831 18839 
	}
	manpower=1
	buildings_max_level_factor=1.000
	state_category=pastoral
	local_supplies=0.000
}
