
state={
	id=333
	name="STATE_333"

	history={
		owner = SCA
		add_core_of = SCA
		add_core_of = NOR

	}

	provinces={
		477 514 2452 2996 5402 5665 6950 9933 15023 15024 15025 15026 15027 15028 15029 15030 15031 18834 18840 18844 18850 18853 18856 18858 18859 18862 18863 18867 18872 18874 18875 18876 18877 18878 18879 18880 18881 18883 18885 18886 18887 18888 18891 18892 18895 18896 18897 18898 18899 18900 18901 18902 18903 18904 18905 18906 18907 18908 18909 18910 18911 
	}
	manpower=1
	buildings_max_level_factor=1.000
	state_category=pastoral
	local_supplies=0.000
}
