
state={
	id=341
	name="STATE_341"

	history={
		owner = FIN
		add_core_of = FIN

	}

	provinces={
		464 469 1183 2006 2605 2973 3024 3070 7167 9980 9997 17262 17270 17278 18692 18694 18695 18701 18716 18721 18722 18725 18728 18736 18737 18740 18748 18749 18750 18759 18760 18762 18770 18773 18776 18777 18779 18784 18788 18793 18794 18799 18800 18802 18804 18807 18809 18810 18818 18825 18826 18827 18832 18833 18836 18837 18838 18841 18842 18845 18846 18849 18851 18854 18855 18861 18865 18868 18870 18871 18882 18884 18889 18890 18893 
	}
	manpower=1
	buildings_max_level_factor=1.000
	state_category=pastoral
	local_supplies=0.000
}
