
state={
	id=46
	name="STATE_46"

	history={
		owner = NRU
		add_core_of = NRU

	}

	provinces={
		8 213 269 384 784 2268 3309 5517 5944 8921 17277 17279 17281 17282 17283 17287 17288 17290 18499 18511 18524 18548 18550 18551 18568 18572 18573 18575 18579 18583 18586 18592 18595 18597 18599 18603 18604 18607 18609 18611 18621 18622 18623 18624 18628 18634 18635 18636 18637 18638 18639 18640 18641 18645 18647 18650 18653 18654 18655 18656 18661 18666 18669 18670 18672 18673 18682 18688 18690 18696 18702 18706 18707 18710 18712 18714 18718 18726 18734 
	}
	manpower=614064
	buildings_max_level_factor=1.000
	state_category=pastoral
	local_supplies=0.000
}
