
state={
	id=47
	name="STATE_47"

	history={
		owner = NRU
		add_core_of = NRU

	}

	provinces={
		50 55 374 1225 1614 2081 2611 2969 3985 4019 4505 6341 9274 9873 9956 9962 9989 17265 17266 17271 17272 17273 17276 18723 18730 18735 18738 18742 18744 18745 18746 18751 18754 18756 18761 18763 18764 18766 18767 18771 18774 18778 18780 18782 18785 18791 18795 18801 18803 18805 18811 18814 18816 18829 18830 18835 18843 18847 18848 18852 18857 18860 18864 18866 18869 18873 18894 
	}
	manpower=741404
	buildings_max_level_factor=1.000
	state_category=pastoral
	local_supplies=0.000
}
