
state={
	id=644
	name="STATE_644"

	history={
		owner = THA
		add_core_of = THA

	}

	provinces={
		65 142 304 397 470 1136 1312 1581 2199 2480 2658 2773 3090 3454 4002 4086 4276 4563 4814 5175 5368 5459 5957 5998 6019 6103 6251 6321 6402 6460 6889 6944 7029 7078 7307 7313 7591 7693 7882 8525 9060 9101 9700 9942 9972 14281 14327 14329 14371 14382 14402 14420 14431 14440 14451 14455 14459 14473 14474 14477 14482 
	}
	manpower=1
	buildings_max_level_factor=1.000
	state_category=pastoral
	local_supplies=0.000
}
