
state={
	id=71
	name="STATE_71"

	history={
		owner = CPU
		add_core_of = CPU

	}

	provinces={
		166 238 334 533 1000 2124 2331 2756 3148 3204 3416 3512 3881 3960 3973 4111 4242 4617 4840 5170 5206 5260 5644 6279 6477 7021 7574 8001 9763 10415 10503 10628 10693 10823 10858 10909 17342 17956 17957 17958 17959 17963 17964 17965 17967 17969 17971 17972 17973 17975 17976 17979 17981 17986 17987 17988 17992 17993 17996 18000 18001 18003 18004 18013 18020 18035 18040 18050 18054 18055 18060 18061 18063 18067 18068 18071 18079 18081 18083 18089 18096 18126 18132 18148 18153 18154 18285 18286 18288 18293 18294 18295 18296 18300 18301 18303 18304 18310 18311 18315 18318 18319 18322 18323 18326 18327 18328 18333 18336 18337 18338 18340 18341 18348 18351 18352 18355 18356 18357 18359 18360 18361 18362 18366 18372 18374 18376 18378 18381 18383 18387 18388 18390 18394 18397 18398 18403 18406 18412 18413 18415 18417 18419 18424 18426 18428 18437 18439 18441 18442 18443 18448 18456 18460 18461 18464 18491 18499 18508 18548 18549 18563 18572 18583 18597 18599 18604 18607 18622 18941 18944 18945 18946 
	}
	manpower=1
	buildings_max_level_factor=1.000
	state_category=pastoral
	local_supplies=0.000
}
