
state={
	id=73
	name="STATE_73"

	history={
		owner = RIS
		add_core_of = RIS

	}

	provinces={
		279 758 1390 1447 1479 1601 1917 2213 2378 2451 2535 3088 3179 3368 3531 4372 5041 5336 5476 6723 7821 7826 7940 7993 8255 8492 8675 8810 8898 8931 9133 9393 9681 9796 9831 9873 9989 10074 10080 10108 10146 10154 10165 10169 10176 10231 10329 10335 10388 10406 10426 10523 10532 10539 10540 10578 10672 10685 10729 10895 10923 10932 10971 11013 11055 13155 13387 13780 17352 17353 17356 17752 17779 17780 17781 17782 17784 17787 17789 17790 17793 17795 17797 17798 17800 17801 17805 17808 17809 17811 17812 17813 17816 17819 17821 17822 17824 17825 17826 17828 17830 17833 17836 17837 17838 17839 17840 17842 17845 17857 17906 17907 17909 17910 17912 17914 17917 17918 17921 17923 17924 17926 17927 17928 17931 17932 17934 17935 17937 17939 17944 17946 17947 17948 17951 17955 18025 18072 18074 18289 18938 18942 
	}
	manpower=1988506
	buildings_max_level_factor=1.000
	state_category=pastoral
	local_supplies=0.000
}
