
state={
	id=74
	name="STATE_74"

	history={
		owner = RIS
		add_core_of = RIS

	}

	provinces={
		55 69 213 269 384 784 813 1056 1178 1346 1407 1416 1489 1597 1672 2399 2402 2520 2524 2602 2627 2672 2823 2896 2919 2995 3033 3309 3346 3477 3577 3680 3781 4047 4064 4105 4548 4779 4789 4790 4904 5028 5560 5692 5720 5815 5906 5944 6334 6415 6512 6650 6719 6803 7045 7050 7535 8260 8283 9207 9463 11407 11429 11457 11465 11567 11628 18935 
	}
	manpower=1988506
	buildings_max_level_factor=1.000
	state_category=pastoral
	local_supplies=0.000
}
