
state={
	id=88
	name="STATE_88"

	history={
		owner = UST
		add_core_of = UST

	}

	provinces={
		3620 4064 8283 9610 9816 10523 10578 17883 17886 17889 17890 17891 17893 17896 17897 17899 17900 17902 17903 17911 17914 17916 17919 17920 17923 17928 17929 17931 17935 17939 17940 17941 17942 17943 17947 17948 17952 17953 17954 17956 17961 17965 17968 17969 17971 17975 17976 17981 17982 17985 17992 17997 18001 
	}
	manpower=1478902
	buildings_max_level_factor=1.000
	state_category=pastoral
	local_supplies=0.000
}
