
state={
	id=89
	name="STATE_89"

	history={
		owner = UST
		add_core_of = UST

	}

	provinces={
		1963 3477 4170 4719 4789 4859 6575 7537 8774 8980 10329 10335 10338 10348 10349 18082 18084 18085 18094 18099 18104 18105 18108 18111 18112 18115 18120 18121 18122 18124 18126 18127 18129 18132 18133 18136 18138 18145 18146 18148 18149 18150 18152 18153 18154 18155 18159 18160 18161 18165 18166 18168 18175 18176 18181 18916 18918 
	}
	manpower=1171523
	buildings_max_level_factor=1.000
	state_category=pastoral
	local_supplies=0.000
}
