
state={
	id=96
	name="STATE_96"

	history={
		owner = RIS
		add_core_of = RIS

	}

	provinces={
		6 150 577 797 815 923 1335 1389 1417 1509 1515 1545 1655 1784 1809 1832 2004 2889 2903 2923 3145 3177 3312 3321 3939 4223 4286 4335 4373 4485 4553 4649 4918 5136 5392 5504 5786 6535 6970 7306 7326 7383 7415 8360 8560 8685 8687 9097 9268 9963 10092 10111 10156 10180 10208 10247 10332 10417 10439 13820 15013 15019 17345 17849 17850 17852 17853 17854 17858 17859 17860 17862 17863 17865 17866 17867 17868 17870 17872 17874 17875 17878 17881 17882 17884 17885 17890 17891 17894 17897 17903 18101 18103 18104 18107 18111 18114 18121 18124 18155 18159 18165 18175 18181 18249 18250 18255 18256 18259 18260 18262 18263 18264 18269 18271 18275 18277 18278 18284 18349 18734 18771 18778 18780 18782 18803 18805 18913 18914 18943 
	}
	manpower=1988506
	buildings_max_level_factor=1.000
	state_category=pastoral
	local_supplies=0.000
}
